360
342.0
390.0
440.0
490.0
540.0
590.0
640.0
690.0
740.0
790.0
840.0
890.0
940.0
990.0
1040.0
1090.0
1140.0
1190.0
1240.0
1290.0
1340.0
1390.0
1440.0
1490.0
1540.0
1590.0
1640.0
1690.0
1740.0
1790.0
1840.0
1890.0
1940.0
1990.0
2040.0
2090.0
2140.0
2190.0
2240.0
2290.0
2340.0
2390.0
2440.0
2490.0
2545.0
2605.0
2671.0
2743.0
2822.0
2910.0
3012.0
3134.0
3280.0
3455.0
3665.0
3900.0
4150.0
4400.0
4650.0
4900.0
5150.0
5400.0
5650.0
5900.0
6150.0
6400.0
6650.0
6900.0
7150.0
7400.0
7650.0
7900.0
8150.0
8400.0
8650.0
8900.0
9150.0
9400.0
9650.0
9900.0
10150.0
10400.0
10650.0
10900.0
11150.0
11400.0
11650.0
11900.0
12150.0
12400.0
12650.0
12900.0
13150.0
13400.0
13650.0
13900.0
14150.0
14400.0
14650.0
14900.0
15150.0
15400.0
15650.0
15900.0
16150.0
16400.0
16650.0
16900.0
17150.0
17400.0
17650.0
17900.0
18150.0
18400.0
18650.0
18900.0
19150.0
19400.0
19650.0
19900.0
