0.0
10.0
20.0
31.0
42.0
54.0
66.0
79.0
92.0
106.0
120.0
135.0
150.0
166.0
182.0
199.0
217.0
236.0
256.0
267.0
298.0
320.0
342.0
366.0
390.0
415.0
440.0
465.0
490.0
515.0
540.0
565.0
590.0
615.0
640.0
665.0
690.0
715.0
740.0
765.0
790.0
815.0
840.0
865.0
890.0
915.0
940.0
965.0
990.0
1015.0
1040.0
1065.0
1090.0
1115.0
1140.0
1165.0
1190.0
1215.0
1240.0
1265.0
1290.0
1315.0
1340.0
1365.0
1390.0
1415.0
1440.0
1465.0
1490.0
1515.0
1540.0
1565.0
1590.0
1615.0
1640.0
1665.0
1690.0
1715.0
1740.0
1765.0
1790.0
1815.0
1840.0
1865.0
1890.0
1915.0
1940.0
1965.0
1990.0
2015.0
2040.0
2065.0
2090.0
2115.0
2140.0
2165.0
2190.0
2215.0
2240.0
2265.0
2290.0
2315.0
2340.0
2365.0
2390.0
2415.0
2440.0
2465.0
2490.0
2515.0
2545.0
2575.0
2605.0
2638.0
2671.0
2707.0
2743.0
2782.0
2822.0
2866.0
2910.0
3001.0
3012.0
3073.0
3134.0
3212.0
3280.0
3367.0
3455.0
3560.0
3665.0
3781.0
3900.0
4025.0
