      0.00
     20.00
     40.00
     60.00
     80.00
    100.00
    124.00
    152.00
    185.00
    224.00
    270.00
    320.00
    370.00
    420.00
    470.00
    520.00
    570.00
    620.00
    670.00
    720.00
    770.00
    820.00
    870.00
    920.00
    970.00
   1020.00
   1070.00
   1120.00
   1170.00
   1220.00
   1270.00
   1320.00
   1370.00
   1420.00
   1470.00
   1520.00
   1570.00
   1620.00
   1670.00
   1720.00
   1770.00
   1820.00
   1870.00
   1920.00
   1970.00
   2020.00
   2070.00
   2120.00
   2170.00
   2220.00
   2270.00
   2320.00
   2370.00
   2420.00
   2470.00
   2520.00
   2570.00
   2620.00
   2670.00
   2720.00
   2770.00
   2820.00
   2870.00
   2920.00
   2970.00
   3020.00
   3080.00
   3152.00
   3238.00
   3341.00
   3464.00
   3611.00
   3787.00
   3998.00
   4250.00
   4500.00
   4750.00
   5000.00
   5250.00
   5500.00
   5750.00
   6000.00
