10.0
30.0
52.0
76.0
102.0
130.0
160.0
192.0
227.0
266.0
308.0
352.0
400.0
450.0
500.0
550.0
600.0
650.0
700.0
750.0
800.0
850.0
900.0
950.0
1000.0
1050.0
1100.0
1150.0
1200.0
1250.0
1300.0
1350.0
1400.0
1450.0
1500.0
1550.0
1600.0
1650.0
1700.0
1750.0
1800.0
1850.0
1900.0
1950.0
2000.0
2050.0
2100.0
2150.0
2200.0
2250.0
2300.0
2350.0
2400.0
2450.0
2500.0
2555.0
2615.0
2681.0
2753.0
2832.0
2920.0
3022.0
3152.0
3302.0
3474.0
3672.0
3900.0
4150.0
4400.0
4650.0
4900.0
5150.0
5400.0
5650.0
5900.0
6150.0
6400.0
6650.0
6900.0
7150.0
7400.0
7650.0
7900.0
8150.0
8400.0
8650.0
8900.0
9150.0
9400.0
9650.0
9900.0
10150.0
10400.0
10650.0
10900.0
11150.0
11400.0
11650.0
11900.0
12150.0
12400.0
12650.0
12900.0
13150.0
13400.0
13650.0
13900.0
14150.0
14400.0
14650.0
14900.0
15150.0
15400.0
15650.0
15900.0
16150.0
16400.0
16650.0
16900.0
17150.0
17400.0
17650.0
17900.0
18150.0
18400.0
18650.0
18900.0
19150.0
19400.0
19650.0
19900.0
