0.
5.00
16.76
31.99
50.65
72.64
97.91
126.39
158.00
192.69
230.38
271.01
314.50
360.79
409.82
461.50
515.89
573.09
633.23
696.39
762.67
832.13
904.83
980.79
1060.05
1142.62
1228.49
1317.63
1410.02
1505.73
1604.93
1707.79
1814.44
1924.98
2039.51
2158.09
2280.76
2407.56
2538.47
2673.47
2812.53
2955.56
3102.48
3253.19
3407.62
3565.73
3727.48
3892.90
4061.99
4234.81
4411.45
4591.99
4776.57
4965.33
5158.45
5356.12
5558.65
5766.45
5980.00
6199.82
6426.53
6660.77
6903.26
7154.79
7416.20
7688.37
7972.28
8268.07
8575.22
8893.62
9223.52
9565.58
9920.85
10290.74
10677.07
11082.05
11510.32
11966.17
12454.75
12982.01
13554.65
14180.10
14866.49
15627.47
16485.04
17467.81
18610.93
19955.60
21550.01
23450.14
