0
10
20
30
40
50
60
70
80
90
100
110
120
130
140
150
160
170
180
190
200
210
220
230
240
250
260
270
280
290
300
310
320
330
340
350
360
370
380
390
400
410
420
430
440
450
460
470
480
490
500
510
520
530
540
550
560
570
580
590
600
610
620
630
640
650
660
670
680
690
700
710
720
730
740
750
760
770
780
790
800
810
820
830
840
850
860
870
880
890
900
910
920
930
940
950
960
970
980
990
1000
1010
1020
1030
1040
1050
1060
1070
1080
1090
1100
1110
1120
1130
1140
1150
1160
1170
1180
1190
1200
1212
1226
1242
1261
1283
1309
1340
1377
1421
1471
1521
1571
1621
1671
1721
1771
1821
1871
1921
1971
2021
2071
2121
2171
2221
2271
2321
2371
2421
2471
2521
2571
2621
2671
2721
2771
2821
2871
2921
2971
3021
3071
3121
3171
3221
3271
3321
3371
3421
3471
