      0.0000000000
     15.0000000000
     30.0000000000
     45.2999992371
     60.6030006409
     76.2089996338
     91.8211975098
    107.7391967773
    123.6668014526
    139.9031982422
    156.1528015137
    172.7131958008
    189.2928009033
    206.1831970215
    223.0968017578
    240.3251953125
    257.5808105469
    275.1552124023
    292.7587890625
    310.6831970215
    328.6427917480
    346.9271850586
    365.2488098145
    383.8992004395
    402.5907897949
    421.6131896973
    440.6828002930
    460.0852050781
    479.5408020020
    499.3312072754
    519.1807861328
    539.3651733398
    559.6168212891
    580.2052001953
    600.8648071289
    621.8651733398
    642.9428100586
    664.3632202148
    685.8668212891
    707.7152099609
    729.6527709961
    751.9392089844
    774.3187866211
    797.0512084961
    819.8828125000
    843.0692138672
    866.3627929688
    890.0131835938
    913.7767944336
    937.9011840820
    962.1447753906
    986.7512207031
   1011.4827880859
   1036.5771484375
   1061.8227539062
   1087.4172363281
   1113.1628417969
   1139.2572021484
   1165.5428466797
   1192.1572265625
   1218.9627685547
   1246.1372070312
   1273.4627685547
   1301.1772460938
   1329.0627441406
   1357.3172607422
   1385.7828369141
   1414.5971679688
   1443.6428222656
   1473.0172119141
   1502.6628417969
   1532.6372070312
   1562.8627929688
   1593.4372558594
   1624.2828369141
   1655.4571533203
   1686.9228515625
   1718.7371826172
   1750.8227539062
   1783.2972412109
   1816.0028076172
   1849.1372070312
   1882.5028076172
   1916.3172607422
   1950.3427734375
   1984.8172607422
   2019.5428466797
   2054.7172851562
   2090.1428222656
   2126.0170898438
   2162.1428222656
   2198.7570800781
   2235.6027832031
   2272.9572753906
   2310.5227050781
   2348.6572265625
   2386.9628906250
   2425.8571777344
   2464.9428710938
   2504.6171875000
   2544.4829101562
   2584.9572753906
   2625.6228027344
   2666.9172363281
   2708.4028320312
   2750.5170898438
   2792.8427734375
   2835.7971191406
   2878.9829101562
   2922.7971191406
   2966.8427734375
   3011.5571289062
   3056.4628906250
   3102.0971679688
   3147.9028320312
   3194.4372558594
   3241.1828613281
   3288.6372070312
   3336.3227539062
   3384.7373046875
   3433.3828125000
   3482.7770996094
   3532.4028320312
   3582.7770996094
   3633.4028320312
   3684.7770996094
   3736.4428710938
   3788.8371582031
   3841.5427246094
   3894.9973144531
   3948.7626953125
