635
660
685
710
735
760
785
810
835
860
885
910
935
960
985
1010
1035
1060
1085
1110
1135
1160
1185
1210
1235
1260
1285
1310
1335
1360
1385
1410
1435
1460
1485
1510
1535
1560
1585
1610
1635
1660
1685
1710
1735
1760
1785
1810
1835
1860
1885
1910
1935
1960
1985
2010
2035
2060
2085
2110
2135
2160
2185
2210
2235
2260
2285
2310
2335
2360
2385
2410
2435
2460
2485
2510
2535
2560
2585
2610
2635
2660
2685
2710
2735
2760
2785
2810
2835
2860
2885
2910
2935
2960
2985
3010
3035
3060
3085
3110
3135
3160
3185
3210
3235
3260
3285
3310
3335
3360
3385
3410
3435
3460
3485
3510
3535
3560
3585
3610
3635
3660
3685
3710
3735
3760
3785
3810
3835
3860
3885
3910
3935
3960
3985
4010
4035
4060
4085
4110
4135
4160
4185
4210
4235
4260
4285
4310
4335
4360
4385
4410
4435
4460
4485
4510
4535
4560
4585
4610
4635
